2024000,123000
2024001,123001
2024002,123002
2024003,123003
2024004,123004
2024005,123005
2024006,123006
2024007,123007
2024008,123008
2024009,123009
2024010,123010
2024011,123011
2024012,123012
2024013,123013
2024014,123014
2024015,123015
2024016,123016
2024017,123017
2024018,123018
2024019,123019
2024020,123020
2024021,123021
2024022,123022
2024023,123023
2024024,123024
2024025,123025
2024026,123026
2024027,123027
2024028,123028
2024029,123029
2024030,123030
2024031,123031
2024032,123032
2024033,123033
2024034,123034
2024035,123035
2024036,123036
2024037,123037
2024038,123038
2024039,123039
2024040,123040
2024041,123041
2024042,123042
2024043,123043
2024044,123044
2024045,123045
2024046,123046
2024047,123047
2024048,123048
2024049,123049
2024050,123050
2024051,123051
2024052,123052
2024053,123053
2024054,123054
2024055,123055
2024056,123056
2024057,123057
2024058,123058
2024059,123059
2024060,123060
2024061,123061
2024062,123062
2024063,123063
2024064,123064
2024065,123065
2024066,123066
2024067,123067
2024068,123068
2024069,123069
2024070,123070
2024071,123071
2024072,123072
2024073,123073
2024074,123074
2024075,123075
2024076,123076
2024077,123077
2024078,123078
2024079,123079
2024080,123080
2024081,123081
2024082,123082
2024083,123083
2024084,123084
2024085,123085
2024086,123086
2024087,123087
2024088,123088
2024089,123089
2024090,123090
2024091,123091
2024092,123092
2024093,123093
2024094,123094
2024095,123095
2024096,123096
2024097,123097
2024098,123098
2024099,123099
